0.00000e+00
0.00000e+00
4.883291e-253
6.179284e-128
1.121074e-73
1.438243e-46
1.555065e-31
2.372774e-22
1.190978e-16
4.037961e-13
9.427631e-11
4.923011e-09
9.865946e-08
1.046668e-06
6.502387e-06
2.706232e-05
8.392357e-05
2.071527e-04
4.318135e-04
7.906962e-04
1.300287e-03
1.959489e-03
2.761447e-03
3.689507e-03
4.699415e-03
5.774023e-03
6.899358e-03
8.033759e-03
9.125684e-03
1.015973e-02
1.111903e-02
1.199513e-02
1.286123e-02
1.362706e-02
1.423275e-02
1.482472e-02
1.535595e-02
1.577123e-02
1.612958e-02
1.636662e-02
1.654962e-02
1.674939e-02
1.683481e-02
1.687599e-02
1.687616e-02
1.676685e-02
1.676938e-02
1.674242e-02
1.653423e-02
1.629582e-02
1.619101e-02
1.611348e-02
1.585354e-02
1.562179e-02
1.542159e-02
1.520513e-02
1.504057e-02
2.349176e-02
3.934603e-02
3.037034e-02
1.468273e-02
1.445280e-02
1.334926e-02
1.313314e-02
1.290558e-02
1.258214e-02
1.830099e-02
1.803311e-02
1.307130e-02
1.159671e-02
8.844490e-03
8.716261e-03
8.530553e-03
8.332448e-03
8.212747e-03
8.085065e-03
7.906536e-03
7.785446e-03
7.630201e-03
7.508922e-03
7.432744e-03
7.291619e-03
7.101879e-03
6.923939e-03
6.778649e-03
6.639668e-03
6.545188e-03
6.416431e-03
6.240724e-03
6.091905e-03
5.955337e-03
5.789362e-03
5.619786e-03
5.480008e-03
5.325265e-03
5.201891e-03
5.098262e-03
4.954302e-03
4.791350e-03
4.686400e-03
4.576358e-03
4.426345e-03
4.318524e-03
4.216517e-03
4.057619e-03
3.887873e-03
3.753550e-03
3.608180e-03
3.507399e-03
3.437482e-03
3.324829e-03
3.196101e-03
3.033205e-03
2.868428e-03
2.764436e-03
2.667298e-03
2.524070e-03
2.436776e-03
2.343802e-03
2.205848e-03
2.092398e-03
1.989767e-03
1.892980e-03
1.793599e-03
1.669196e-03
1.542423e-03
1.435624e-03
1.298818e-03
1.187387e-03
1.075564e-03
9.523723e-04
8.863725e-04
7.870363e-04
6.628806e-04
5.474131e-04
4.420137e-04
3.406899e-04
2.247593e-04
1.147180e-04
0
0
0
0
0
0
0
0
0
0
0