0.00000e+00
0.00000e+00
1.257927e-252
1.908577e-127
4.010893e-73
5.583003e-46
6.170752e-31
8.286699e-22
4.056861e-16
1.478315e-12
3.663604e-10
1.953783e-08
3.875117e-07
4.049478e-06
2.445922e-05
9.823880e-05
2.934942e-04
6.962937e-04
1.391596e-03
2.439715e-03
3.849255e-03
5.595188e-03
7.575490e-03
9.723601e-03
1.204718e-02
1.431769e-02
1.646577e-02
1.855465e-02
2.046014e-02
2.228164e-02
2.385116e-02
2.500342e-02
2.597287e-02
2.673240e-02
2.731112e-02
2.778679e-02
2.793653e-02
2.815135e-02
2.828127e-02
2.807074e-02
2.782072e-02
2.759565e-02
2.720624e-02
2.658079e-02
2.616578e-02
2.555960e-02
2.487829e-02
2.418386e-02
2.337459e-02
2.272342e-02
2.202899e-02
2.130070e-02
2.058934e-02
2.002064e-02
1.929415e-02
1.823745e-02
1.730685e-02
1.800114e-02
1.992308e-02
1.783026e-02
1.440890e-02
1.361906e-02
1.298852e-02
1.228816e-02
1.147930e-02
1.055699e-02
1.066026e-02
9.970877e-03
8.414566e-03
7.382475e-03
6.405603e-03
5.700423e-03
4.834776e-03
4.235246e-03
3.637469e-03
3.003596e-03
2.353762e-03
1.621496e-03
9.004861e-04
0
0
0
0
0
0
0
0
0
0
0
0
0
0
0
0
0
0
0
0
0
0
0
0
0
0
0
0
0
0
0
0
0
0
0
0
0
0
0
0
0
0
0
0
0
0
0
0
0
0
0
0
0
0
0
0
0
0
0
0
0
0
0
0
0
0
0
0
0
0
0